(Transform "BSplineTransform")
(NumberOfParameters 234)
(TransformParameters 0.000072 0.000150 0.000173 0.000118 -0.000010 -0.000135 -0.000189 -0.000172 -0.000117 -0.000052 -0.000014 -0.000007 0.000002 0.002180 0.004836 0.004817 0.003194 0.000210 -0.003126 -0.005113 -0.005112 -0.003453 -0.001570 -0.000464 -0.000250 0.000049 0.004133 0.009621 0.010480 0.007325 0.000358 -0.007124 -0.010601 -0.009827 -0.006549 -0.002965 -0.000885 -0.000468 0.000091 0.007116 0.017826 0.022280 0.016628 0.000228 -0.016413 -0.021290 -0.017451 -0.011290 -0.005031 -0.001498 -0.000792 0.000152 0.010779 0.033500 0.081455 0.093041 -0.012385 -0.098726 -0.060894 -0.029415 -0.017618 -0.007463 -0.002242 -0.001172 0.000221 0.013449 0.046703 0.210381 0.308606 -0.048680 -0.313141 -0.126542 -0.038976 -0.022395 -0.009203 -0.002788 -0.001447 0.000270 0.012985 0.043657 0.174464 0.246121 -0.045742 -0.271624 -0.115487 -0.037585 -0.021618 -0.008903 -0.002703 -0.001405 0.000262 0.010763 0.031169 0.058938 0.056564 -0.009848 -0.068903 -0.052556 -0.028811 -0.017486 -0.007439 -0.002214 -0.001182 0.000220 0.003701 0.007919 0.006020 0.003636 0.001267 -0.002355 -0.006596 -0.008394 -0.005725 -0.002611 -0.000755 -0.000417 0.000077 0.000096 0.000949 0.001422 0.001794 0.001876 0.001553 0.001166 0.000794 0.000445 0.000180 0.000040 0.000009 -0.000004 0.000933 0.010569 0.016059 0.019888 0.020464 0.017977 0.013657 0.008831 0.004651 0.001815 0.000427 0.000086 -0.000033 0.001134 0.014842 0.024343 0.032260 0.034257 0.028621 0.020287 0.012336 0.006355 0.002463 0.000593 0.000115 -0.000044 0.000918 0.017402 0.034025 0.052874 0.059571 0.044426 0.026685 0.014197 0.007036 0.002696 0.000656 0.000125 -0.000047 0.000036 0.015770 0.059842 0.207594 0.264808 0.141265 0.035003 0.012236 0.005597 0.002102 0.000513 0.000096 -0.000036 -0.000501 0.006756 0.042665 0.196655 0.250469 0.123413 0.021954 0.005723 0.002505 0.000923 0.000219 0.000043 -0.000016 -0.000164 -0.008398 -0.058977 -0.243525 -0.348616 -0.187788 -0.024149 -0.003861 -0.001367 -0.000490 -0.000140 -0.000018 0.000006 -0.000636 -0.015136 -0.049543 -0.138424 -0.185540 -0.107715 -0.028235 -0.009573 -0.004168 -0.001540 -0.000404 -0.000066 0.000022 -0.001287 -0.014458 -0.023474 -0.030553 -0.031922 -0.026714 -0.018764 -0.011142 -0.005583 -0.002134 -0.000524 -0.000101 0.000034)
(InitialTransformParametersFileName "./TransformParameters.1.txt")
(UseBinaryFormatForTransformationParameters "false")
(HowToCombineTransforms "Compose")

// Image specific
(FixedImageDimension 2)
(MovingImageDimension 2)
(FixedInternalImagePixelType "float")
(MovingInternalImagePixelType "float")
(Size 1104 700)
(Index 0 0)
(Spacing 0.0846666667 0.0846666667)
(Origin 0.0000000000 0.0000000000)
(Direction 1.0000000000 0.0000000000 0.0000000000 1.0000000000)
(UseDirectionCosines "true")

// BSplineTransform specific
(GridSize 13 9)
(GridIndex 0 0)
(GridSpacing 9.9999086171 9.9999121820)
(GridOrigin -13.3072725292 -10.4035314724)
(GridDirection 1.0000000000 0.0000000000 0.0000000000 1.0000000000)
(BSplineTransformSplineOrder 3)
(UseCyclicTransform "false")

// ResampleInterpolator specific
(ResampleInterpolator "FinalBSplineInterpolator")
(FinalBSplineInterpolationOrder 3)

// Resampler specific
(Resampler "DefaultResampler")
(DefaultPixelValue 0.000000)
(ResultImageFormat "nii")
(ResultImagePixelType "float")
(CompressResultImage "false")
